P0_intrinsic: 1188.95554 0.0 974.89131 0.0 1193.19207 611.35047 0.0 0.0 1.0
P1_intrinsic: 1172.33539 0.0 947.83322 0.0 1173.23513 616.30818 0.0 0.0 1.0
P2_intrinsic: 1187.03716 0.0 971.41272 0.0 1190.93592 594.39517 0.0 0.0 1.0
P3_intrinsic: 1187.21727 0.0 962.94357 0.0 1191.21681 588.05555 0.0 0.0 1.0
P4_intrinsic: 1181.24358 0.0 957.12196 0.0 1180.95125 602.37136 0.0 0.0 1.0
P0_extrinsic: 0.9558165583558244 -0.2927075447024574 -0.027147744788214984 -0.020753186349489465 -0.028685751283996804 -0.000962584422571903 -0.9995880156867138 0.22279679753688456 0.2925608217894184 0.9562015303823185 -0.009316589956193673 -0.1439339195674808
P1_extrinsic: 0.5795939954491105 0.8148029911438734 -0.012918438850490578 0.006397192947493502 -0.003460784102033447 -0.013391400784388547 -0.999904342103999 0.2275033778204948 -0.8148980447962406 0.5795832606347677 -0.004941718247244092 -0.13682370259076154
P2_extrinsic: -0.5968139066134879 0.8022463190229502 -0.014628892195717698 0.02875468845804765 0.0103107195861093 -0.010562488629059695 -0.9998910555133385 0.22694957238992824 -0.802313436217021 -0.5968997214340845 -0.0019678967321643645 -0.14515733748691478
P3_extrinsic: 0.00801826519790166 -0.9999601313905667 0.0039297649518296165 -0.016316724835611102 -0.011620192131432573 -0.004022801992860856 -0.9999243912411351 0.23534109056769253 0.9999003343123978 0.00797199432305017 -0.011651984743748348 -0.11863789937595431
P4_extrinsic: -0.9473180117981606 -0.31952166137956034 0.022237185793749715 0.012038051374553204 -0.018455576758757676 -0.01485859453561728 -0.9997192675221016 0.20869689804518946 0.31976237459914164 -0.9474624689546661 0.008178857685919723 -0.17314545772532952
R0_rect: 1.0 0.0 0.0 0.0 1.0 0.0 0.0 0.0 1.0
P0_distortion: -0.225483 0.071187 -0.000396 -0.000147 0.0
P1_distortion: -0.220444 0.064912 -0.000297 2.7e-05 0.0
P2_distortion: -0.222584 0.068455 0.001003 0.000202 0.0
P3_distortion: -0.225206 0.0717 -0.000426 7.2e-05 0.0
P4_distortion: -0.223192 0.070594 0.000947 0.000788 0.0
